proj=lcc
a=6371229
b=6371229
lat_0=37.8994
lon_0=-99.79058
lat_1=37.8994
lat_2=37.8994
units=m
dx=3000
dy=3000
sw_lon=-106.692258
sw_lat=25.29
ne_lon=-90.071533
ne_lat=49.94                     
