proj=lcc
a=6371229
b=6371229
lat_0=38.186389
lon_0=-97.299167
lat_1=38.186389
lat_2=38.186389
units=m
dx=3000
dy=3000
sw_lon=-106.79
sw_lat=32.6
ne_lon=-86.37
ne_lat=42.89
