proj=lcc
a=6371229
b=6371229
lat_0=39.41741
lon_0=-78.94373
lat_1=39.41741
lat_2=39.41741
units=m
dx=3000
dy=3000
sw_lon=-90.071533
sw_lat=29.951065
ne_lon=-64.61
ne_lat=47.51
