proj=lcc
a=6371229
b=6371229
lat_0=37.037778
lon_0=-82.286389
lat_1=37.037778
lat_2=37.037778
units=m
dx=3000
dy=3000
sw_lon=-92.37
sw_lat=32.37
ne_lon=-71.03
ne_lat=40.75
