proj=lcc
a=6371229
b=6371229
lat_0=39.415833
lon_0=-91.712222
lat_1=39.415833
lat_2=39.415833
units=m
dx=3000
dy=3000
sw_lon=-102.28
sw_lat=33.75
ne_lon=-79.48
ne_lat=43.97
