proj=lcc
a=6371229
b=6371229
lat_0=43.919167
lon_0=-79.835833
lat_1=43.919167
lat_2=43.919167
units=m
dx=3000
dy=3000
sw_lon=-92.95
sw_lat=38.57
ne_lon=-64.61
ne_lat=47.51
