proj=lcc
a=6371229
b=6371229
lat_0=45.226111
lon_0=-97.072778
lat_1=45.226111
lat_2=45.226111
units=m
dx=3000
dy=3000
sw_lon=-107.64
sw_lat=39.33
ne_lon=-84.34
ne_lat=49.94
