proj=lcc
a=6371229
b=6371229
lat_0=44.84333
lon_0=-114.181389
lat_1=44.84333
lat_2=44.84333
units=m
dx=3000
dy=3000
sw_lon=-123.92
sw_lat=36.94
ne_lon=-101.59
ne_lat=51.67
