proj=lcc
a=6371229
b=6371229
lat_0=32.100556
lon_0=-96.860833
lat_1=32.100556
lat_2=32.100556
units=m
dx=3000
dy=3000
sw_lon=-107.17
sw_lat=25.29
ne_lon=-85.02
ne_lat=37.95
