proj=lcc
a=6371229
b=6371229
lat_0=35.994167
lon_0=-112.700556
lat_1=35.994167
lat_2=35.994167
units=m
dx=3000
dy=3000
sw_lon=-122.37
sw_lat=27.76
ne_lon=-100.92
ne_lat=43.28
