proj=lcc
a=6371229
b=6371229
lat_0=31.41965
lon_0=-99.58269
lat_1=31.41965
lat_2=31.41965
units=m
dx=3000
dy=3000
sw_lon=-108.492258
sw_lat=25.29
ne_lon=-89.504237 
ne_lat=36.851076
