proj=lcc
a=6371229
b=6371229
lat_0=39.97135
lon_0=-115.91823
lat_1=39.97135
lat_2=39.97135
units=m
dx=3000
dy=3000
sw_lon=-122.37
sw_lat=27.76
ne_lon=-106.692258
ne_lat=51.67
