proj=lcc
a=6371229.0
b=6371229.0
lat_0=38.5
lon_0=262.5
lat_1=38.5
lat_2=38.5
units=m
dx=3000
dy=3000
sw_lon=-122.7195
sw_lat=21.13812
ne_lon=-60.91719
ne_lat=47.84219
