proj=lcc
a=6370000
b=6370000
lat_0=30.8
lon_0=-90.
lat_1=30.8
lat_2=30.8
units=m
dx=3000
dy=3000
sw_lon=258.714
sw_lat=24.019
ne_lon=282.843185435306
ne_lat=36.4670218542745
