proj=lcc
a=6371229
b=6371229
units=m
dx=3000
dy=3000
lat_0=40.74201
lat_1=40.74201
lat_2=40.74201
lon_0=-99.68095 
sw_lon=-109.099432
sw_lat=36.567852
ne_lon=-88.070762
ne_lat=43.256675
