proj=lcc
a=6371229
b=6371229
lat_0=30.62978
lon_0=-83.86875 
lat_1=30.62978
lat_2=30.62978
units=m
dx=3000
dy=3000
sw_lon=-90.842877
sw_lat=24.328975
ne_lon=-75.956940
ne_lat=36.508042
