proj=lcc
a=6371229
b=6371229
lat_0=45.732145
lon_0=-101.33710
lat_1=45.732145
lat_2=45.732145
units=m
dx=3000
dy=3000
sw_lon=-111.055257
sw_lat=42.001929
ne_lon=-90.025406
ne_lat=49.497753
