proj=lcc
a=6371229
b=6371229
lat_0=38.5 
lon_0=262.5 
lat_1=38.5
lat_2=38.5
units=m
dx=3000
dy=3000
sw_lon=237.28
sw_lat=21.138
ne_lon=299.08216099
ne_lat=47.84237791
