proj=lcc
a=6370000
b=6370000
lat_0=38.33643
lon_0=-101.
lat_1=32.0
lat_2=46.0
units=m
dx=1000
dy=1000
sw_lon=-120.82501
sw_lat=23.138435
ne_lon=-64.98688
ne_lat=46.89529
