proj=lcc
a=6370000
b=6370000
lat_0=39.
lon_0=-101.
lat_1=32.0
lat_2=46.0
units=m
dx=3000
dy=3000
sw_lon=-120.81058
sw_lat=23.159264
ne_lon=-65.02124
ne_lat=46.88567
